webmap/data/THICKNESS_EPSG4326.asc
ncols        241
nrows        145
xllcorner    6.948898833470
yllcorner    45.919392716264
cellsize     0.000400000000
NODATA_value  0
[rows 100 to 124 of 145, columns 171 to 227 of 241]
235.161956787109375 223.049591064453125 206.685302734375 186.2865753173828125 161.4945526123046875 134.77398681640625 109.86913299560546875 88.374053955078125 69.41782379150390625 50.15143585205078125 32.64835357666015625 21.407258987426757812 21.362606048583984375 28.465158462524414062 33.5300750732421875 39.201568603515625 45.2703704833984375 43.4600067138671875 38.31339263916015625 37.737148284912109375 38.812976837158203125 39.442668914794921875 39.314624786376953125 34.87200927734375 25.308488845825195312 16.875200271606445312 12.514240264892578125 0 0 0 0 0 0 0 0 0 0 0 0 0 0 0 0 0 0 0 0 0 0 0 0 0 0 0 0 0 0
258.6129150390625 251.1103515625 241.02044677734375 223.52337646484375 197.223907470703125 167.235015869140625 139.3304290771484375 114.04611968994140625 90.74758148193359375 68.720672607421875 50.45746612548828125 39.27037811279296875 37.23284149169921875 40.64818572998046875 43.438472747802734375 45.94626617431640625 47.793537139892578125 45.696002960205078125 43.892498016357421875 46.286502838134765625 47.27391815185546875 45.689228057861328125 43.28469085693359375 37.10794830322265625 26.392515182495117188 15.436756134033203125 8.507038116455078125 0 0 0 0 0 0 0 0 0 0 0 0 0 0 0 0 0 0 0 0 0 0 0 0 0 0 0 0 0 0
284.976409912109375 270.4820556640625 260.300201416015625 248.666900634765625 223.3773956298828125 192.0815887451171875 164.6544647216796875 139.4486846923828125 115.843994140625 94.85620880126953125 77.5492401123046875 65.23659515380859375 58.89642333984375 56.4674835205078125 54.20711517333984375 48.974040985107421875 43.422771453857421875 43.212627410888671875 47.391345977783203125 52.082366943359375 51.03989410400390625 46.375034332275390625 42.734874725341796875 35.948925018310546875 25.278432846069335938 15.389894485473632812 9.5226449966430664062 9.5093984603881835938 15.812636375427246094 22.840930938720703125 0 0 0 0 0 0 0 0 0 0 0 0 0 0 0 0 0 0 0 0 0 0 0 0 0 0 0
315.54913330078125 296.87322998046875 278.161834716796875 262.3587646484375 241.3967132568359375 215.491607666015625 189.6568756103515625 166.32177734375 145.629241943359375 127.29801177978515625 110.4980926513671875 95.5141143798828125 83.57048797607421875 73.541290283203125 62.967365264892578125 49.304187774658203125 38.18866729736328125 38.2859039306640625 44.3780517578125 49.609638214111328125 50.00415802001953125 47.725128173828125 45.527690887451171875 38.883350372314453125 28.534229278564453125 20.574939727783203125 16.497890472412109375 16.651842117309570312 21.667631149291992188 27.945453643798828125 0 0 0 0 0 0 0 0 0 0 0 0 0 0 0 0 0 0 0 0 0 0 0 0 0 0 0
327.075927734375 317.99359130859375 296.430023193359375 272.04583740234375 258.09613037109375 242.3394622802734375 219.1319580078125 198.2993621826171875 181.3031463623046875 165.290008544921875 148.507232666015625 130.707733154296875 112.7955169677734375 94.927581787109375 77.29058837890625 60.840969085693359375 49.6373138427734375 47.444553375244140625 49.02138519287109375 49.688289642333984375 47.848247528076171875 44.0207672119140625 40.109951019287109375 37.618412017822265625 34.6141204833984375 29.833459854125976562 26.181585311889648438 26.305644989013671875 31.26824188232421875 36.58855438232421875 36.9995880126953125 30.911527633666992188 22.935840606689453125 20.793081283569335938 24.745504379272460938 29.55905914306640625 25.66745758056640625 18.0437774658203125 0 0 0 0 0 0 0 0 0 0 0 0 0 0 0 0 0 0 0
323.552764892578125 320.211181640625 305.23687744140625 285.93682861328125 278.317657470703125 271.0633544921875 256.799560546875 239.297027587890625 220.81842041015625 202.0005035400390625 183.0253448486328125 163.0883941650390625 141.8676910400390625 120.79449462890625 101.0269927978515625 83.571258544921875 70.7270050048828125 63.40287017822265625 57.4245147705078125 50.08499908447265625 40.87567901611328125 29.900140762329101562 21.372051239013671875 23.876939773559570312 28.9723968505859375 25.628347396850585938 21.917673110961914062 23.511493682861328125 30.023197174072265625 35.32715606689453125 33.760746002197265625 25.262256622314453125 16.141202926635742188 14.812052726745605469 19.58930206298828125 24.449720382690429688 22.140485763549804688 17.172285079956054688 16.30500030517578125 17.1383514404296875 0 0 0 0 0 0 0 0 0 0 0 0 0 0 0 0 0
331.960052490234375 330.10467529296875 322.976715087890625 314.905059814453125 311.9019775390625 305.42169189453125 290.154144287109375 267.124237060546875 242.4424591064453125 221.7150726318359375 207.2730255126953125 192.7254791259765625 171.629058837890625 149.414093017578125 129.5593414306640625 111.864471435546875 96.90973663330078125 84.68251800537109375 72.76210784912109375 58.719669342041015625 41.658618927001953125 24.162654876708984375 11.811310768127441406 11.861402511596679688 14.881580352783203125 10.70145416259765625 8.6816425323486328125 12.261450767517089844 17.335697174072265625 20.704034805297851562 20.987543106079101562 20.460735321044921875 21.455112457275390625 25.306110382080078125 29.974519729614257812 32.85948944091796875 31.542169570922851562 26.448774337768554688 20.844320297241210938 18.31023406982421875 0 0 0 0 0 0 0 0 0 0 0 0 0 0 0 0 0
331.038360595703125 338.348968505859375 337.8172607421875 331.964599609375 325.34088134765625 313.62603759765625 294.343292236328125 269.4696044921875 247.8790130615234375 234.490966796875 227.0839080810546875 217.007781982421875 198.0730133056640625 177.7205963134765625 160.1415863037109375 144.6553192138671875 129.740447998046875 114.66451263427734375 99.37711334228515625 81.77508544921875 60.675479888916015625 40.83766937255859375 26.50905609130859375 19.75374603271484375 17.444705963134765625 16.595678329467773438 19.22753143310546875 22.778535842895507812 23.29689788818359375 24.610414505004882812 27.830883026123046875 30.334720611572265625 34.045421600341796875 40.187347412109375 44.80783843994140625 44.704864501953125 39.091953277587890625 31.35007476806640625 25.175992965698242188 24.063800811767578125 26.700082778930664062 0 0 0 0 0 0 0 0 0 0 0 0 0 0 0 0
331.29132080078125 337.000579833984375 334.77606201171875 328.591278076171875 323.22845458984375 317.90240478515625 308.0262451171875 291.023834228515625 274.961395263671875 264.38604736328125 256.754364013671875 246.48492431640625 230.2314605712890625 211.28179931640625 194.4831085205078125 181.9380035400390625 168.1463623046875 150.7373199462890625 131.9043426513671875 111.45920562744140625 89.278564453125 68.50423431396484375 52.038349151611328125 41.0953369140625 33.57457733154296875 29.23026275634765625 30.655382156372070312 33.378391265869140625 32.871891021728515625 34.559101104736328125 38.98016357421875 41.201511383056640625 43.33510589599609375 47.46341705322265625 50.397899627685546875 46.156463623046875 32.215496063232421875 21.119600296020507812 18.613645553588867188 19.775297164916992188 19.317289352416992188 0 0 0 0 0 0 0 0 0 0 0 0 0 0 0 0
327.7825927734375 334.473541259765625 332.163299560546875 332.20404052734375 336.57275390625 335.4857177734375 329.870849609375 320.694061279296875 304.769989013671875 289.986480712890625 285.871063232421875 281.8922119140625 270.091583251953125 252.473297119140625 236.132568359375 225.2800750732421875 210.015655517578125 188.21343994140625 165.9088592529296875 143.6350860595703125 120.88702392578125 98.45461273193359375 78.812286376953125 63.741710662841796875 49.67174530029296875 37.51129150390625 33.2578125 33.190937042236328125 32.2964935302734375 32.797069549560546875 34.579433441162109375 35.060565948486328125 34.994495391845703125 34.830860137939453125 32.824619293212890625 27.02135467529296875 17.095651626586914062 10.684839248657226562 11.083517074584960938 13.880585670471191406 13.617745399475097656 9.1805887222290039062 5.822784423828125 0 0 0 0 0 0 0 0 0 0 0 0 0 0
330.05560302734375 340.3846435546875 334.853302001953125 338.106475830078125 349.145751953125 345.396270751953125 337.89581298828125 334.131591796875 318.98748779296875 301.3145751953125 299.04437255859375 301.562408447265625 297.288330078125 284.86761474609375 271.9063720703125 261.9517822265625 244.15478515625 219.3814239501953125 196.9656219482421875 175.7409515380859375 153.5009002685546875 130.9054412841796875 110.6069183349609375 94.04828643798828125 77.38885498046875 60.654109954833984375 48.139606475830078125 40.459682464599609375 36.453792572021484375 35.31995391845703125 35.261592864990234375 34.3184661865234375 32.168842315673828125 27.857469558715820312 20.198812484741210938 14.099334716796875 12.978810310363769531 13.244417190551757812 14.576826095581054688 17.916681289672851562 18.843770980834960938 16.1784210205078125 14.084595680236816406 0 0 0 0 0 0 0 0 0 0 0 0 0 0
313.379852294921875 329.5452880859375 328.50146484375 334.390533447265625 344.3936767578125 338.780242919921875 334.6591796875 340.371246337890625 338.598602294921875 328.0494384765625 318.13427734375 314.7777099609375 312.492645263671875 300.837005615234375 288.115509033203125 279.184722900390625 264.019500732421875 244.1295166015625 226.254974365234375 208.461151123046875 188.6649017333984375 166.8308258056640625 146.056427001953125 128.2517852783203125 110.05463409423828125 91.021728515625 73.4634857177734375 59.235195159912109375 49.81902313232421875 45.74472808837890625 44.70365142822265625 43.668079376220703125 41.160610198974609375 35.85350799560546875 27.3490753173828125 21.592411041259765625 21.761663436889648438 22.958467483520507812 24.060968399047851562 25.499395370483398438 23.256448745727539062 18.595325469970703125 0 0 0 0 0 0 0 0 0 0 0 0 0 0 0
280.072265625 303.157470703125 315.367645263671875 329.01934814453125 340.0240478515625 338.519256591796875 338.312591552734375 347.578643798828125 359.128997802734375 363.482818603515625 357.458892822265625 349.98602294921875 341.525421142578125 327.27099609375 316.673065185546875 311.173614501953125 297.158172607421875 278.364715576171875 262.3355712890625 243.216705322265625 220.5765228271484375 199.1584625244140625 179.5062255859375 160.821746826171875 141.42706298828125 121.2975311279296875 101.6593780517578125 83.60039520263671875 68.7086944580078125 58.83139801025390625 53.165615081787109375 49.565853118896484375 45.8325042724609375 39.988712310791015625 31.726428985595703125 25.95013427734375 25.235696792602539062 27.020162582397460938 29.442403793334960938 29.528371810913085938 20.3668975830078125 7.6356987953186035156 0 0 0 0 0 0 0 0 0 0 0 0 0 0 0
253.9807281494140625 285.053741455078125 309.98333740234375 328.257232666015625 340.89495849609375 347.175689697265625 348.22686767578125 349.729583740234375 357.291046142578125 365.180572509765625 367.4259033203125 364.044342041015625 357.145050048828125 348.011077880859375 337.50341796875 326.49859619140625 313.0550537109375 298.550933837890625 284.50433349609375 265.771514892578125 243.41717529296875 223.1926727294921875 205.4867706298828125 188.809661865234375 171.653564453125 153.53204345703125 134.594818115234375 115.33571624755859375 96.3282012939453125 78.53717803955078125 64.05829620361328125 54.102771759033203125 47.976070404052734375 41.579097747802734375 31.79190826416015625 22.637250900268554688 17.598134994506835938 17.417713165283203125 20.440591812133789062 22.563871383666992188 17.09234619140625 8.2195377349853515625 0 0 0 0 0 0 0 0 0 0 0 0 0 0 0
235.8584442138671875 271.624359130859375 303.152130126953125 321.397003173828125 332.95880126953125 344.94696044921875 352.569427490234375 357.759857177734375 365.81988525390625 371.375030517578125 368.843353271484375 358.2041015625 349.528900146484375 348.799072265625 343.62347412109375 335.216339111328125 333.27056884765625 326.52099609375 308.3143310546875 285.98974609375 263.436279296875 242.98980712890625 227.3407745361328125 215.74737548828125 204.39788818359375 191.0160675048828125 174.5193328857421875 154.6497650146484375 131.88824462890625 107.4424285888671875 84.77079010009765625 67.6872406005859375 58.3375244140625 51.07080841064453125 40.352855682373046875 29.172269821166992188 21.05072784423828125 18.2249603271484375 19.592420578002929688 21.55974578857421875 18.974353790283203125 13.378308296203613281 8.7596349716186523438 5.8800368309020996094 0 0 0 0 0 0 0 0 0 0 0 0 0
212.2003021240234375 243.2454833984375 273.971923828125 303.33917236328125 328.921173095703125 349.081787109375 361.47509765625 366.20867919921875 367.4454345703125 371.3228759765625 375.180328369140625 371.10662841796875 365.613189697265625 363.633636474609375 355.7225341796875 344.344207763671875 338.862091064453125 332.500244140625 319.359130859375 303.578826904296875 287.89874267578125 273.11639404296875 260.426849365234375 251.0657806396484375 243.9654083251953125 233.9798126220703125 217.496307373046875 194.4580535888671875 168.26123046875 142.650421142578125 118.340118408203125 97.26851654052734375 81.8989410400390625 68.12928009033203125 52.662677764892578125 38.814235687255859375 28.453477859497070312 22.222898483276367188 20.684003829956054688 21.581485748291015625 20.176134109497070312 16.199451446533203125 11.895232200622558594 9.3848943710327148438 0 0 0 0 0 0 0 0 0 0 0 0 0
180.4999542236328125 209.893646240234375 240.729736328125 271.822601318359375 297.01373291015625 316.801025390625 338.85198974609375 355.0028076171875 358.60693359375 361.166107177734375 365.7283935546875 367.064971923828125 369.44073486328125 372.931182861328125 367.84906005859375 353.981781005859375 338.61395263671875 331.8494873046875 329.520538330078125 319.097137451171875 309.642974853515625 306.4146728515625 299.277191162109375 289.527374267578125 282.9522705078125 273.659332275390625 256.292449951171875 230.7436065673828125 203.5078887939453125 179.818572998046875 157.217437744140625 134.9713134765625 114.00484466552734375 93.10235595703125 72.26244354248046875 54.573360443115234375 40.488979339599609375 29.945560455322265625 25.349842071533203125 24.760385513305664062 22.805761337280273438 20.10323333740234375 18.176792144775390625 16.775943756103515625 0 0 0 0 0 0 0 0 0 0 0 0 0
149.2997589111328125 179.7405548095703125 209.540924072265625 236.2857666015625 256.51617431640625 273.03912353515625 294.4195556640625 317.638275146484375 335.924591064453125 347.80828857421875 353.517120361328125 355.1103515625 360.840240478515625 371.174713134765625 376.066314697265625 369.2823486328125 354.2064208984375 347.505889892578125 345.135223388671875 330.71527099609375 319.625701904296875 320.250640869140625 316.55780029296875 308.843414306640625 303.2232666015625 294.508331298828125 278.51214599609375 254.8088226318359375 231.7740478515625 213.9538726806640625 193.8690032958984375 170.2556915283203125 145.545196533203125 120.70104217529296875 97.59050750732421875 78.87879180908203125 63.100650787353515625 49.202594757080078125 40.357379913330078125 35.52001190185546875 30.82627105712890625 27.97028350830078125 27.333070755004882812 25.6782989501953125 24.00449371337890625 0 0 0 0 0 0 0 0 0 0 0 0
126.892913818359375 155.6453399658203125 181.3828277587890625 204.633636474609375 224.9528045654296875 242.58795166015625 259.772796630859375 281.068817138671875 307.99053955078125 335.7220458984375 350.09686279296875 346.630340576171875 350.930572509765625 367.500396728515625 380.36334228515625 379.752471923828125 365.55426025390625 352.023193359375 343.612152099609375 336.94244384765625 333.5667724609375 330.858367919921875 320.460601806640625 311.055694580078125 308.56072998046875 299.76971435546875 284.115234375 269.87445068359375 259.74578857421875 249.75579833984375 228.7880401611328125 201.25518798828125 175.60198974609375 150.781219482421875 127.64305877685546875 109.0732421875 93.2901458740234375 78.4280548095703125 65.525054931640625 54.0223236083984375 43.479328155517578125 38.29911041259765625 37.759349822998046875 35.930934906005859375 33.105770111083984375 30.912534713745117188 28.675386428833007812 0 0 0 0 0 0 0 0 0 0
109.2840118408203125 132.4779510498046875 153.4316864013671875 174.7205352783203125 195.715179443359375 214.8336181640625 231.55999755859375 251.0251922607421875 276.42169189453125 305.483917236328125 320.650054931640625 315.303070068359375 323.859954833984375 349.073516845703125 366.611907958984375 369.23046875 360.759918212890625 352.38482666015625 347.962799072265625 347.950469970703125 351.766571044921875 351.42926025390625 337.326141357421875 324.70660400390625 321.594146728515625 310.29412841796875 293.35589599609375 283.027069091796875 276.170684814453125 266.211395263671875 246.56982421875 222.6032257080078125 201.115997314453125 179.482208251953125 158.404632568359375 140.9918975830078125 125.60948944091796875 110.6309814453125 95.90694427490234375 80.18338775634765625 64.1833953857421875 54.950695037841796875 51.053150177001953125 44.20981597900390625 37.245792388916015625 32.797946929931640625 27.641139984130859375 22.638738632202148438 0 0 0 0 0 0 0 0 0
91.00016021728515625 109.58354949951171875 126.94200897216796875 145.7998199462890625 163.5252685546875 180.30889892578125 197.68035888671875 217.8462066650390625 239.469482421875 257.68084716796875 269.80908203125 277.916015625 293.516876220703125 316.165740966796875 334.825714111328125 340.7603759765625 337.411163330078125 338.84814453125 342.029022216796875 342.441375732421875 346.08587646484375 349.857818603515625 345.376861572265625 336.23199462890625 325.072052001953125 306.7625732421875 289.772125244140625 282.794158935546875 275.207305908203125 262.87896728515625 248.8347625732421875 234.2298431396484375 219.4436798095703125 203.3688507080078125 186.79998779296875 171.7017059326171875 157.94091796875 144.2797088623046875 129.7527008056640625 113.7247314453125 97.0226593017578125 83.64484405517578125 72.5327301025390625 59.848011016845703125 49.339038848876953125 42.110260009765625 33.76592254638671875 26.777204513549804688 24.406055450439453125 24.02136993408203125 0 0 0 0 0 0 0
76.007415771484375 90.258453369140625 105.6962127685546875 123.4229583740234375 139.6085968017578125 155.520599365234375 173.3224029541015625 192.0732879638671875 210.788970947265625 228.720184326171875 246.9339599609375 264.93194580078125 280.231842041015625 294.88800048828125 310.190948486328125 321.243194580078125 327.246185302734375 332.00970458984375 333.5150146484375 331.616790771484375 333.58843994140625 336.812744140625 334.10736083984375 324.28643798828125 308.6785888671875 291.01031494140625 279.440826416015625 277.355224609375 273.08245849609375 262.732177734375 250.7117462158203125 240.6446685791015625 232.0334625244140625 221.537750244140625 208.87469482421875 195.7426300048828125 185.6090240478515625 176.62908935546875 163.4086761474609375 145.68310546875 125.5675201416015625 106.3932037353515625 88.997222900390625 73.322479248046875 62.136669158935546875 54.91381072998046875 47.377452850341796875 40.21978759765625 35.095355987548828125 30.346324920654296875 25.402416229248046875 22.991754531860351562 21.293889999389648438 18.839708328247070312 0 0 0
67.8112640380859375 77.89617156982421875 91.43848419189453125 108.74054718017578125 127.23372650146484375 145.6874542236328125 163.3448944091796875 179.0679473876953125 194.0064697265625 209.9914398193359375 227.1915283203125 244.6617279052734375 260.442901611328125 275.251800537109375 288.99114990234375 297.301177978515625 301.415985107421875 305.504669189453125 310.132781982421875 315.177032470703125 320.3330078125 318.782745361328125 306.947479248046875 295.679290771484375 288.76129150390625 283.61627197265625 277.26239013671875 270.558563232421875 266.410308837890625 259.8515625 247.373504638671875 238.0601043701171875 233.71759033203125 226.701385498046875 214.8011016845703125 201.298126220703125 193.048187255859375 188.05194091796875 179.0387115478515625 162.52398681640625 140.613525390625 119.2025604248046875 100.45792388916015625 85.00701904296875 73.70285797119140625 66.284515380859375 61.09947967529296875 56.880649566650390625 51.754909515380859375 43.04644012451171875 34.583339691162109375 30.817022323608398438 27.470827102661132812 22.958171844482421875 19.751598358154296875 17.746143341064453125 0
63.069072723388671875 70.2009124755859375 80.08452606201171875 93.569183349609375 110.21846771240234375 127.96137237548828125 144.440521240234375 158.09649658203125 171.357635498046875 186.6145172119140625 202.0957489013671875 216.65240478515625 230.0684814453125 242.318115234375 251.97479248046875 255.66107177734375 258.214080810546875 266.100250244140625 275.613983154296875 285.25848388671875 294.891143798828125 292.7589111328125 276.327423095703125 267.078094482421875 269.25946044921875 273.223663330078125 268.894866943359375 257.539947509765625 253.1033477783203125 249.7888641357421875 239.3278961181640625 229.3708953857421875 222.8966064453125 216.2340240478515625 204.031494140625 186.2608642578125 173.3049774169921875 170.081939697265625 171.7465057373046875 162.8568878173828125 141.889923095703125 121.13291168212890625 103.783294677734375 89.60953521728515625 78.51177215576171875 70.78522491455078125 66.46167755126953125 63.679431915283203125 59.58037567138671875 51.460052490234375 44.00524139404296875 41.100910186767578125 37.186981201171875 30.875352859497070312 24.683795928955078125 18.839076995849609375 13.521952629089355469
57.565799713134765625 61.6405029296875 68.0519256591796875 77.68502044677734375 90.794647216796875 106.880157470703125 123.36517333984375 136.88037109375 149.9158935546875 164.5633697509765625 177.9114837646484375 189.203521728515625 198.9925079345703125 206.530609130859375 212.4588623046875 218.678619384765625 226.0839691162109375 235.3638763427734375 244.1705474853515625 251.3709259033203125 257.4993896484375 256.59136962890625 247.9569549560546875 244.6551971435546875 245.468902587890625 243.1401519775390625 239.1692962646484375 237.8144989013671875 244.0341033935546875 246.5441131591796875 237.910614013671875 228.080810546875 217.7169647216796875 204.3754425048828125 196.417205810546875 190.4107818603515625 171.7443389892578125 151.341583251953125 141.753326416015625 134.55987548828125 123.867889404296875 110.8091583251953125 97.1704254150390625 84.58754730224609375 74.59406280517578125 67.29096221923828125 62.179042816162109375 58.3245391845703125 53.8672332763671875 47.453212738037109375 44.015995025634765625 45.19910430908203125 43.477436065673828125 38.27584075927734375 32.543781280517578125 24.342802047729492188 15.715981483459472656
