webmap/data/THICKNESS_EPSG4326.asc
ncols        241
nrows        145
xllcorner    6.948898833470
yllcorner    45.919392716264
cellsize     0.000400000000
NODATA_value  0
[rows 75 to 99 of 145, columns 171 to 227 of 241]
0 0 0 0 0 0 0 0 0 0 0 0 0 0 0 0 0 0 0 0 0 0 0 0 0 0 0 0 0 32.940765380859375 32.241790771484375 0 0 41.20276641845703125 39.37830352783203125 38.032543182373046875 38.017223358154296875 35.2529296875 33.7339630126953125 35.44037628173828125 31.374542236328125 21.227258682250976562 0 0 0 0 0 0 0 0 0 0 0 0 0 0 0
0 0 0 0 0 0 0 0 0 0 0 0 0 0 0 0 0 0 0 0 0 0 0 0 0 0 0 0 0 32.5924072265625 31.409038543701171875 30.362033843994140625 35.659511566162109375 42.960208892822265625 46.17717742919921875 47.3375701904296875 47.18829345703125 44.936237335205078125 43.46685028076171875 44.077239990234375 41.795986175537109375 0 0 0 0 0 0 0 0 0 0 0 0 0 0 0 0
0 0 0 0 0 0 0 0 0 0 0 0 0 0 0 0 0 0 0 0 0 0 0 33.773792266845703125 37.414669036865234375 0 0 0 37.3226776123046875 35.63162994384765625 33.084445953369140625 30.2463531494140625 32.02840423583984375 37.49890899658203125 41.60175323486328125 44.7926483154296875 46.165802001953125 44.0761260986328125 42.31081390380859375 0 0 0 0 0 0 0 0 0 0 0 0 0 0 0 0 0 0
0 0 0 0 0 0 0 0 0 0 0 0 0 0 0 31.609409332275390625 38.003711700439453125 45.38512420654296875 51.77754974365234375 59.05889129638671875 62.540340423583984375 57.82361602783203125 0 45.347835540771484375 46.549823760986328125 50.482513427734375 53.562725067138671875 51.964633941650390625 47.613742828369140625 43.8544769287109375 41.4820404052734375 41.022190093994140625 0 0 0 0 0 0 0 0 0 0 0 0 0 0 0 0 0 0 0 0 0 0 0 0 0
0 0 0 0 0 0 0 0 0 0 0 41.8366851806640625 44.540866851806640625 47.84848785400390625 47.63776397705078125 48.836437225341796875 55.10302734375 61.36591339111328125 65.74704742431640625 69.81731414794921875 70.529144287109375 67.075347900390625 64.54550933837890625 63.452518463134765625 62.83306884765625 64.548095703125 66.31084442138671875 63.051143646240234375 57.91162109375 54.63494873046875 53.117786407470703125 54.286022186279296875 58.1348419189453125 56.167049407958984375 48.476070404052734375 50.23517608642578125 52.7525787353515625 44.592166900634765625 37.473613739013671875 35.080432891845703125 32.59404754638671875 32.70978546142578125 36.158893585205078125 38.74566650390625 0 0 0 0 33.317729949951171875 31.223653793334960938 0 0 0 0 0 0 0
0 0 0 0 0 0 0 0 0 0 43.99839019775390625 48.292724609375 54.047115325927734375 59.817562103271484375 63.145793914794921875 67.280303955078125 73.92436981201171875 77.92931365966796875 79.40897369384765625 80.88262939453125 79.74416351318359375 76.2233734130859375 74.58773040771484375 73.42003631591796875 71.36695098876953125 72.98883056640625 75.2419891357421875 71.0742645263671875 66.1317138671875 64.2941436767578125 62.16717529296875 61.67510223388671875 64.634368896484375 64.40372467041015625 59.90699005126953125 57.02658843994140625 54.007770538330078125 48.651882171630859375 46.39606475830078125 45.966678619384765625 42.968524932861328125 41.95259857177734375 44.28182220458984375 46.125732421875 0 0 0 39.84149169921875 34.19272613525390625 30.556119918823242188 0 0 0 0 0 0 0
0 0 0 0 0 0 61.993892669677734375 63.933002471923828125 66.76165771484375 63.741847991943359375 61.293682098388671875 64.12017822265625 69.7137603759765625 74.446380615234375 75.8843841552734375 78.26189422607421875 82.54840850830078125 82.50864410400390625 80.125 79.57703399658203125 77.4249267578125 73.372039794921875 71.01851654052734375 68.54697418212890625 65.31055450439453125 66.18567657470703125 68.8204803466796875 67.3662261962890625 65.90529632568359375 66.14145660400390625 64.01015472412109375 63.327693939208984375 66.9106597900390625 67.51467132568359375 63.524990081787109375 58.294097900390625 53.57817840576171875 51.284801483154296875 53.2105560302734375 54.932239532470703125 52.41004180908203125 51.45919036865234375 52.690174102783203125 51.2350006103515625 49.60480499267578125 49.572933197021484375 46.99160003662109375 41.47479248046875 34.89305877685546875 29.499994277954101562 27.006799697875976562 0 0 0 0 0 0
52.950077056884765625 56.72840118408203125 59.065399169921875 62.453125 68.94327545166015625 75.71993255615234375 78.075653076171875 79.1939849853515625 81.04578399658203125 81.92592620849609375 80.7551116943359375 78.92551422119140625 79.506134033203125 80.90667724609375 80.16440582275390625 79.5503082275390625 79.995574951171875 78.66086578369140625 75.4955902099609375 72.019287109375 67.68994140625 63.698314666748046875 62.00441741943359375 59.554168701171875 54.325466156005859375 48.44431304931640625 46.4752349853515625 50.245098114013671875 54.712100982666015625 56.66009521484375 55.59059906005859375 56.303684234619140625 59.580471038818359375 56.762905120849609375 50.724765777587890625 48.35276031494140625 45.906711578369140625 44.54559326171875 50.301662445068359375 55.57434844970703125 53.813007354736328125 51.55014801025390625 50.626270294189453125 48.40206146240234375 47.193737030029296875 47.51772308349609375 45.1217803955078125 40.761684417724609375 35.54402923583984375 25.750925064086914062 15.718017578125 0 0 0 0 0 0
74.75801849365234375 75.9513092041015625 76.52356719970703125 77.67046356201171875 81.32729339599609375 86.620361328125 91.030914306640625 91.79529571533203125 90.35739898681640625 89.77628326416015625 87.4233551025390625 82.74710845947265625 79.959716796875 78.56500244140625 75.5629119873046875 70.0413818359375 65.28394317626953125 65.72113037109375 66.60857391357421875 63.549846649169921875 57.569305419921875 52.323146820068359375 50.7288970947265625 49.28680419921875 45.034393310546875 37.998992919921875 34.366054534912109375 38.333538055419921875 43.5723876953125 45.6535491943359375 44.74123382568359375 47.48388671875 52.625164031982421875 47.777435302734375 39.628734588623046875 39.044895172119140625 38.60939788818359375 37.572063446044921875 46.941387176513671875 55.304595947265625 53.31716156005859375 47.7100830078125 43.020633697509765625 40.66570281982421875 40.732334136962890625 41.745853424072265625 40.965297698974609375 39.3167877197265625 0 0 0 0 0 0 0 0 0
96.7370147705078125 99.11475372314453125 99.4136505126953125 98.36312103271484375 98.2230072021484375 97.78955078125 95.6410369873046875 91.67071533203125 87.52605438232421875 85.417083740234375 83.63897705078125 80.648681640625 76.82755279541015625 72.4814453125 67.257598876953125 60.02474212646484375 54.3668975830078125 55.538623809814453125 57.979053497314453125 56.1202392578125 49.42508697509765625 42.425296783447265625 39.050136566162109375 35.79064178466796875 31.230276107788085938 27.2508544921875 26.435882568359375 30.068767547607421875 35.413272857666015625 38.93889617919921875 38.91742706298828125 39.060352325439453125 40.78612518310546875 39.703155517578125 35.76016998291015625 0 0 0 0 0 0 0 0 0 0 0 0 0 0 0 0 0 0 0 0 0 0
111.1109161376953125 113.67465972900390625 113.7342529296875 111.1874237060546875 107.99200439453125 102.645782470703125 95.17655181884765625 88.72586822509765625 83.6907806396484375 79.73459625244140625 77.72359466552734375 76.492645263671875 73.33110809326171875 66.7205963134765625 57.7188262939453125 50.38666534423828125 47.616626739501953125 50.24758148193359375 53.025737762451171875 50.946758270263671875 42.055416107177734375 30.859170913696289062 22.956150054931640625 19.859668731689453125 19.527589797973632812 19.464550018310546875 20.466032028198242188 0 31.73369598388671875 36.870697021484375 37.483417510986328125 32.48949432373046875 26.16269683837890625 0 0 0 0 0 0 0 0 40.844707489013671875 36.466770172119140625 31.368249893188476562 27.839849472045898438 0 0 0 0 0 0 0 0 0 0 0 0
118.19174957275390625 117.7693328857421875 115.88983917236328125 112.1507415771484375 107.29418182373046875 100.1641998291015625 91.65172576904296875 84.9004669189453125 79.63533782958984375 75.3443145751953125 73.674957275390625 73.25963592529296875 70.9240875244140625 65.47402191162109375 58.022655487060546875 52.682224273681640625 50.69443511962890625 51.1055145263671875 51.35638427734375 48.513034820556640625 40.4100799560546875 28.400335311889648438 16.7150726318359375 11.235348701477050781 11.520386695861816406 14.070554733276367188 16.909849166870117188 0 0 0 0 0 0 0 0 0 0 55.951999664306640625 54.89017486572265625 53.591526031494140625 50.25926971435546875 42.730808258056640625 34.803585052490234375 28.4918060302734375 25.162626266479492188 24.210880279541015625 0 0 0 0 0 0 0 0 0 0 0
118.9559783935546875 115.2821502685546875 110.8127899169921875 105.56497955322265625 100.0088653564453125 93.003631591796875 85.7097930908203125 80.819732666015625 77.24655914306640625 74.39067840576171875 73.78261566162109375 72.46855926513671875 67.69101715087890625 64.68810272216796875 64.39572906494140625 63.417629241943359375 62.293750762939453125 61.823009490966796875 61.11905670166015625 57.885883331298828125 49.96331024169921875 38.82177734375 26.966064453125 17.755758285522460938 12.936952590942382812 0 0 0 0 0 0 0 0 0 0 55.982940673828125 55.2399139404296875 54.4373931884765625 53.981578826904296875 55.027191162109375 55.430419921875 51.75640106201171875 44.831256866455078125 37.256572723388671875 31.9088134765625 29.32061004638671875 0 0 0 0 0 0 0 0 0 0 0
118.867431640625 114.224761962890625 108.14318084716796875 101.36501312255859375 94.99520111083984375 87.97737884521484375 81.70388031005859375 78.3294525146484375 75.65189361572265625 73.22341156005859375 73.27758026123046875 71.72669219970703125 65.95660400390625 63.881282806396484375 66.11550140380859375 67.05390167236328125 68.9248046875 72.71271514892578125 74.46947479248046875 71.94023895263671875 64.44158172607421875 54.436279296875 44.191455841064453125 35.181732177734375 30.810420989990234375 0 0 0 0 0 0 0 59.839916229248046875 61.70233154296875 64.432830810546875 66.53682708740234375 67.5538177490234375 66.7041473388671875 64.71575927734375 64.78481292724609375 65.1617431640625 62.17636871337890625 55.0936279296875 46.3047943115234375 40.12401580810546875 37.130893707275390625 0 0 0 0 0 0 0 0 0 0 0
119.66437530517578125 112.59474945068359375 104.411834716796875 96.5305633544921875 89.7086181640625 82.384765625 75.93250274658203125 72.007843017578125 67.9981231689453125 64.20516204833984375 63.5102691650390625 62.218334197998046875 58.19635009765625 56.896968841552734375 58.403995513916015625 59.835498809814453125 64.79364776611328125 72.18561553955078125 74.5738983154296875 74.41253662109375 74.62380218505859375 71.47666168212890625 64.91118621826171875 57.8807373046875 53.137065887451171875 51.961505889892578125 53.66097259521484375 0 0 0 66.0103607177734375 67.93456268310546875 70.73978424072265625 73.61220550537109375 75.58768463134765625 76.1548004150390625 75.2899322509765625 73.13976287841796875 70.89298248291015625 70.8021697998046875 70.64488983154296875 66.96572113037109375 58.64621734619140625 47.872165679931640625 39.25176239013671875 34.9846343994140625 0 0 0 0 0 0 0 0 0 0 0
117.46622467041015625 108.01407623291015625 98.72595977783203125 90.224609375 82.207061767578125 73.4458465576171875 65.99745941162109375 60.943462371826171875 54.225040435791015625 47.823253631591796875 46.72783660888671875 46.13336181640625 43.592281341552734375 43.54956817626953125 45.66468048095703125 48.44620513916015625 55.313030242919921875 63.2609405517578125 64.56168365478515625 67.16788482666015625 76.05941009521484375 81.10146331787109375 80.2014923095703125 76.87120819091796875 72.8368072509765625 69.42932891845703125 67.61930084228515625 67.828155517578125 69.6511383056640625 71.65894317626953125 72.55416107177734375 72.7056732177734375 73.94904327392578125 76.0719451904296875 76.58742523193359375 74.738433837890625 71.139404296875 67.69318389892578125 65.90854644775390625 66.3619842529296875 67.14156341552734375 65.82787322998046875 61.175464630126953125 52.748500823974609375 39.951629638671875 28.71038055419921875 0 0 0 0 0 0 0 0 0 0 0
114.01123809814453125 102.10984039306640625 90.732696533203125 80.73714447021484375 71.3980712890625 61.343929290771484375 53.149860382080078125 47.417491912841796875 39.23322296142578125 31.915435791015625 31.367767333984375 31.814085006713867188 30.476078033447265625 31.138364791870117188 33.624950408935546875 37.128902435302734375 44.09035491943359375 51.51596832275390625 53.9638671875 58.45069122314453125 67.094696044921875 70.2744903564453125 69.098297119140625 68.80814361572265625 68.9709320068359375 69.4885406494140625 71.0475921630859375 73.1903076171875 75.28570556640625 76.4243621826171875 75.3246917724609375 71.44596099853515625 68.41019439697265625 66.854156494140625 63.564105987548828125 60.2217864990234375 58.582275390625 57.35076904296875 56.5730438232421875 57.1313018798828125 59.424396514892578125 61.95926666259765625 61.987518310546875 60.25655364990234375 0 0 0 0 0 0 0 0 0 0 0 0 0
109.95737457275390625 96.14881134033203125 80.53070068359375 67.39736175537109375 57.35913848876953125 48.43683624267578125 41.839263916015625 36.96746063232421875 29.7160797119140625 23.899133682250976562 24.342859268188476562 26.333028793334960938 27.323747634887695312 28.534868240356445312 29.662122726440429688 30.835803985595703125 33.676483154296875 36.955402374267578125 39.1819610595703125 45.792232513427734375 56.059783935546875 61.125457763671875 62.009258270263671875 62.45973968505859375 62.088836669921875 63.083744049072265625 68.1614990234375 73.46472930908203125 74.9290008544921875 70.71819305419921875 63.27062225341796875 56.310764312744140625 52.358829498291015625 50.203022003173828125 46.44626617431640625 45.35363006591796875 48.9962158203125 51.513172149658203125 51.818370819091796875 52.64765167236328125 58.120635986328125 65.27265167236328125 65.58298492431640625 62.604248046875 0 0 0 0 0 0 0 0 0 0 0 0 0
106.19487762451171875 90.8983154296875 72.72382354736328125 57.1701812744140625 46.70902252197265625 40.839141845703125 38.312061309814453125 36.086238861083984375 30.370832443237304688 25.790655136108398438 26.682445526123046875 29.50608062744140625 32.641475677490234375 35.981563568115234375 36.51364898681640625 34.05173492431640625 32.341197967529296875 32.208469390869140625 33.923656463623046875 40.303508758544921875 49.392978668212890625 55.007488250732421875 57.479724884033203125 57.79477691650390625 54.452915191650390625 51.4998626708984375 53.68112945556640625 56.318515777587890625 56.14562225341796875 53.242595672607421875 47.626659393310546875 41.35698699951171875 38.21791839599609375 37.703464508056640625 37.0860443115234375 40.020416259765625 47.52797698974609375 52.002109527587890625 53.739757537841796875 56.452030181884765625 64.85689544677734375 77.6190338134765625 81.8475494384765625 80.135040283203125 0 0 0 0 0 0 0 0 0 0 0 0 0
108.28440093994140625 91.20092010498046875 73.02309417724609375 58.381587982177734375 47.743717193603515625 41.264434814453125 41.724262237548828125 43.941379547119140625 39.410869598388671875 34.115787506103515625 33.369598388671875 34.210880279541015625 36.443584442138671875 40.328876495361328125 40.602447509765625 37.19745635986328125 36.335205078125 38.326381683349609375 41.96199798583984375 47.61102294921875 52.828556060791015625 53.9951171875 52.491485595703125 49.7967376708984375 45.788425445556640625 42.73805999755859375 42.4351959228515625 40.9273681640625 38.817646026611328125 39.807525634765625 38.7396240234375 33.868328094482421875 32.0684967041015625 33.62656402587890625 0 0 0 0 0 63.6795654296875 66.85094451904296875 0 0 0 0 0 0 0 0 0 0 0 0 0 0 0 0
118.75769805908203125 99.19184112548828125 81.6325225830078125 70.39002227783203125 60.197704315185546875 48.544689178466796875 45.009326934814453125 47.003826141357421875 44.158824920654296875 40.469089508056640625 39.54682159423828125 38.6753692626953125 38.513164520263671875 40.051235198974609375 40.6334381103515625 40.60594940185546875 43.106868743896484375 46.47467041015625 49.48560333251953125 53.76319122314453125 56.95198822021484375 55.74390411376953125 51.5964813232421875 46.607128143310546875 42.55905914306640625 41.01782989501953125 41.266475677490234375 38.852230072021484375 35.66124725341796875 36.095500946044921875 34.843852996826171875 29.032505035400390625 25.50799560546875 0 0 0 0 0 0 0 0 0 0 0 0 0 0 0 0 0 0 0 0 0 0 0 0
136.360137939453125 115.03078460693359375 96.37835693359375 83.615234375 71.6546783447265625 56.967159271240234375 44.279315948486328125 37.0125732421875 35.676685333251953125 38.298370361328125 41.00266265869140625 39.532878875732421875 37.49051666259765625 37.9162445068359375 38.28513336181640625 39.101139068603515625 42.454357147216796875 46.845134735107421875 50.967258453369140625 55.07881927490234375 56.691020965576171875 54.076168060302734375 50.8509521484375 47.8361663818359375 44.05724334716796875 42.002651214599609375 41.844104766845703125 39.22776031494140625 35.939239501953125 35.70551300048828125 35.91304779052734375 0 0 0 0 0 0 0 0 0 0 0 0 0 0 0 0 0 0 0 0 0 0 0 0 0 0
159.6623687744140625 138.72784423828125 116.70501708984375 94.97687530517578125 74.70136260986328125 57.391605377197265625 45.4598236083984375 39.14072418212890625 38.1494598388671875 42.310787200927734375 45.5038909912109375 40.405963897705078125 35.804920196533203125 37.125385284423828125 38.516414642333984375 39.30970001220703125 41.609119415283203125 45.35334014892578125 49.751461029052734375 53.440082550048828125 53.895214080810546875 50.445552825927734375 47.0074920654296875 44.588226318359375 41.97824859619140625 41.1912078857421875 41.708770751953125 39.21105194091796875 35.34899139404296875 0 0 0 0 0 0 0 0 0 0 0 0 0 0 0 0 0 0 0 0 0 0 0 0 0 0 0 0
184.48602294921875 164.7266998291015625 142.3602294921875 118.62689208984375 95.17893218994140625 74.4384918212890625 59.16998291015625 50.8420257568359375 49.197296142578125 52.085849761962890625 52.363872528076171875 43.7662506103515625 37.74771881103515625 39.51927947998046875 41.82927703857421875 43.50507354736328125 45.039951324462890625 44.125301361083984375 42.47026824951171875 43.2459716796875 44.290393829345703125 43.423954010009765625 40.62635040283203125 36.55088043212890625 32.968196868896484375 33.120349884033203125 36.0535430908203125 0 0 0 0 0 0 0 0 0 0 0 0 0 0 0 0 0 0 0 0 0 0 0 0 0 0 0 0 0 0
209.8782958984375 192.412384033203125 172.5485992431640625 150.551544189453125 126.2829437255859375 101.9024810791015625 81.07427215576171875 66.17914581298828125 56.813724517822265625 49.02344512939453125 40.039150238037109375 29.999912261962890625 27.641170501708984375 33.065853118896484375 37.47829437255859375 41.76219940185546875 45.645538330078125 41.99555206298828125 34.780399322509765625 32.558834075927734375 33.4007568359375 34.6984405517578125 35.50930023193359375 32.461944580078125 24.71324920654296875 18.69370269775390625 16.7266082763671875 0 0 0 0 0 0 0 0 0 0 0 0 0 0 0 0 0 0 0 0 0 0 0 0 0 0 0 0 0 0
