webmap/data/THICKNESS_EPSG4326.asc
ncols        241
nrows        145
xllcorner    6.948898833470
yllcorner    45.919392716264
cellsize     0.000400000000
NODATA_value  0
[rows 50 to 74 of 145, columns 57 to 113 of 241]
0 0 0 0 0 0 0 0 0 0 0 0 0 0 0 0 95.704376220703125 100.76067352294921875 116.2396240234375 146.793304443359375 177.6299896240234375 196.5976104736328125 218.987213134765625 246.0177001953125 264.8721923828125 279.885009765625 294.4119873046875 300.27410888671875 296.473236083984375 287.312255859375 277.59375 266.2437744140625 246.7498016357421875 223.9058685302734375 200.81683349609375 167.726593017578125 130.189971923828125 104.23856353759765625 98.12105560302734375 0 0 0 0 0 0 0 0 0 0 0 0 0 0 0 0 0 0
0 0 0 0 0 0 0 0 0 0 0 0 0 0 0 0 89.73499298095703125 92.8721923828125 104.6290740966796875 132.45599365234375 162.5742645263671875 184.2054901123046875 211.223114013671875 242.523345947265625 266.02850341796875 282.448150634765625 293.3614501953125 296.276519775390625 292.561676025390625 285.58203125 277.62841796875 268.165802001953125 254.3698883056640625 238.9268341064453125 221.6197662353515625 194.2503814697265625 162.7951202392578125 141.5611419677734375 138.7954864501953125 149.867584228515625 0 0 0 0 0 0 0 0 0 0 0 0 0 0 0 0 0
0 0 0 0 0 0 0 0 0 0 0 0 0 0 0 0 0 0 103.05802154541015625 128.065460205078125 156.600494384765625 180.267242431640625 207.10797119140625 235.106414794921875 257.22784423828125 275.07623291015625 288.26422119140625 293.767364501953125 293.3204345703125 289.165069580078125 281.391326904296875 271.238250732421875 260.37615966796875 249.14013671875 235.1644439697265625 213.4997711181640625 187.136260986328125 164.104888916015625 153.9923553466796875 156.4564208984375 162.2504119873046875 166.7465057373046875 0 0 0 0 0 0 0 0 0 0 0 0 0 0 0
0 0 0 0 0 0 0 0 0 0 0 0 0 0 0 0 0 0 0 124.63777923583984375 144.5018157958984375 168.1466064453125 193.7487030029296875 219.65655517578125 244.6361541748046875 267.09735107421875 283.88934326171875 291.120391845703125 293.239227294921875 292.74658203125 286.754150390625 277.295257568359375 267.6981201171875 257.65069580078125 243.910491943359375 222.418426513671875 199.112335205078125 179.7308349609375 164.44488525390625 157.1330108642578125 160.0540008544921875 165.2928466796875 164.1797943115234375 148.9057769775390625 132.4363555908203125 0 0 0 0 0 0 0 0 0 0 0 0
0 0 0 0 0 0 0 0 0 0 0 0 0 0 0 0 0 0 0 118.74990081787109375 131.5854339599609375 154.0289764404296875 179.0808563232421875 205.9720916748046875 235.1290283203125 260.23974609375 276.199066162109375 282.55206298828125 289.28924560546875 297.659881591796875 297.318023681640625 291.48291015625 285.965057373046875 278.3863525390625 264.050689697265625 240.001068115234375 217.4483184814453125 201.613616943359375 183.9946441650390625 169.6603240966796875 166.90869140625 169.454071044921875 168.2649993896484375 157.4427642822265625 146.2249603271484375 0 0 0 0 0 0 0 0 0 0 0 0
0 0 0 0 0 0 0 0 0 0 0 0 0 0 0 0 0 0 0 114.55609130859375 127.1310272216796875 149.652923583984375 176.0738067626953125 203.057708740234375 229.576507568359375 254.1525726318359375 272.13336181640625 282.013153076171875 295.172943115234375 309.96697998046875 312.5498046875 308.138092041015625 303.4122314453125 294.6546630859375 278.868743896484375 256.512481689453125 237.6974029541015625 224.4631500244140625 206.6078643798828125 188.2321014404296875 177.48382568359375 173.9300384521484375 171.563812255859375 164.334686279296875 157.814361572265625 0 0 0 0 0 0 0 0 0 0 0 0
0 0 0 0 0 0 0 0 0 0 0 0 0 0 0 0 0 0 0 113.74881744384765625 125.92232513427734375 146.9208526611328125 171.3294525146484375 197.3712310791015625 223.970855712890625 249.124267578125 269.445587158203125 284.07073974609375 301.088775634765625 317.3685302734375 321.38372802734375 318.23858642578125 313.22735595703125 304.0850830078125 291.524658203125 276.8831787109375 259.79656982421875 240.8201141357421875 219.5944671630859375 198.6941375732421875 182.494964599609375 174.2093353271484375 169.4930572509765625 161.9376678466796875 154.1371002197265625 0 0 0 0 0 0 0 0 0 0 0 0
138.11297607421875 0 0 0 0 0 0 0 0 0 0 0 0 0 0 0 0 0 0 117.25234222412109375 127.5521087646484375 145.455474853515625 166.79351806640625 190.2786102294921875 214.5446319580078125 237.661834716796875 262.780548095703125 289.365203857421875 309.420989990234375 321.638427734375 327.498504638671875 329.062286376953125 326.25238037109375 316.866729736328125 307.74505615234375 301.90643310546875 287.616485595703125 264.33050537109375 239.782501220703125 214.8067779541015625 191.9923095703125 177.5062408447265625 168.08599853515625 157.286834716796875 144.13006591796875 132.7168731689453125 0 0 0 0 0 0 0 0 0 0 0
140.35040283203125 0 0 0 0 0 0 0 0 0 0 0 0 0 0 0 0 0 0 120.18308258056640625 124.67795562744140625 137.4288482666015625 159.132415771484375 183.6842041015625 208.5148773193359375 233.9373321533203125 261.407684326171875 288.16314697265625 304.738922119140625 313.972381591796875 323.139007568359375 332.312896728515625 337.539947509765625 334.133758544921875 328.42059326171875 324.359283447265625 313.759765625 295.50836181640625 273.837066650390625 248.1749420166015625 220.13287353515625 195.3939361572265625 174.17242431640625 153.7783966064453125 133.24493408203125 118.61907958984375 0 0 0 0 0 0 0 0 0 0 0
123.9774932861328125 0 0 0 0 0 0 0 0 0 0 0 0 0 0 0 0 0 0 120.7073822021484375 120.34432220458984375 129.136810302734375 151.29437255859375 177.2655181884765625 203.7364044189453125 231.0730743408203125 256.513214111328125 278.24224853515625 295.685150146484375 311.39300537109375 327.751739501953125 342.270904541015625 351.509613037109375 352.56329345703125 348.117034912109375 341.401763916015625 333.28790283203125 321.69854736328125 304.8046875 283.183929443359375 256.50592041015625 224.51507568359375 192.25714111328125 164.441558837890625 143.1886444091796875 131.5316009521484375 131.1094970703125 135.0886993408203125 0 0 0 0 0 0 0 0 0
99.55596160888671875 0 0 0 0 0 0 0 0 0 0 0 0 0 0 0 0 114.90422821044921875 118.97806549072265625 121.825897216796875 121.6403961181640625 130.3717498779296875 152.208465576171875 176.80364990234375 201.813568115234375 227.86871337890625 251.62371826171875 272.707000732421875 293.916229248046875 316.108856201171875 338.1781005859375 356.49560546875 367.011932373046875 368.00469970703125 363.9425048828125 358.288604736328125 352.02313232421875 342.402557373046875 326.7813720703125 306.291961669921875 280.684051513671875 250.133758544921875 220.4664306640625 193.8924713134765625 166.482330322265625 138.1791839599609375 114.80998992919921875 105.33641815185546875 0 0 0 0 0 0 0 0 0
81.48091888427734375 75.48157501220703125 0 0 0 0 0 0 0 0 0 0 0 0 93.41986846923828125 101.15412139892578125 111.0901031494140625 118.19254302978515625 123.95752716064453125 127.938262939453125 129.1115264892578125 136.3393402099609375 152.6528778076171875 172.1157684326171875 194.43988037109375 219.9113616943359375 244.930419921875 268.5999755859375 292.218963623046875 316.44097900390625 340.39886474609375 361.4654541015625 375.2613525390625 379.00885009765625 377.242279052734375 373.147308349609375 366.6376953125 356.3397216796875 342.493438720703125 327.78466796875 308.811126708984375 281.42279052734375 250.753509521484375 219.605743408203125 185.3262786865234375 143.291351318359375 102.9611053466796875 97.45503997802734375 122.80741119384765625 0 0 0 0 0 0 0 0
65.3085784912109375 60.912891387939453125 62.76763916015625 66.4974365234375 66.620849609375 63.485599517822265625 0 0 0 0 72.43836212158203125 77.91356658935546875 85.722442626953125 90.09952545166015625 92.65270233154296875 99.4309539794921875 107.9470977783203125 115.4596405029296875 121.97611236572265625 125.86289215087890625 127.1956787109375 132.47833251953125 143.5915679931640625 158.202484130859375 178.3616485595703125 204.083343505859375 230.470855712890625 256.585784912109375 283.549041748046875 311.141265869140625 336.8414306640625 356.549774169921875 370.802642822265625 379.859222412109375 382.15582275390625 379.689361572265625 375.890106201171875 369.528900146484375 359.41680908203125 346.21405029296875 327.708404541015625 302.5025634765625 274.7747802734375 245.2072601318359375 211.3515167236328125 171.5295257568359375 133.95281982421875 122.47037506103515625 130.1247100830078125 0 0 0 0 0 0 0 0
58.5269927978515625 57.070171356201171875 56.6880950927734375 58.00609588623046875 58.838214874267578125 55.509212493896484375 50.311733245849609375 49.329639434814453125 54.255290985107421875 63.966777801513671875 74.70285797119140625 83.34560394287109375 89.88739776611328125 91.60175323486328125 91.8978271484375 96.1985626220703125 101.74558258056640625 106.64759063720703125 111.25954437255859375 113.53066253662109375 113.800018310546875 118.3945159912109375 128.0669403076171875 140.6011505126953125 159.3176116943359375 184.3256988525390625 210.4618682861328125 237.59844970703125 266.73675537109375 295.4979248046875 319.935516357421875 336.90582275390625 351.99462890625 368.7039794921875 382.665863037109375 388.58709716796875 384.433563232421875 375.5277099609375 366.4798583984375 358.14984130859375 341.4283447265625 313.87689208984375 288.988739013671875 268.291412353515625 244.953704833984375 214.827362060546875 180.35186767578125 151.3381805419921875 138.205474853515625 0 0 0 0 0 0 0 0
58.80767822265625 60.21521759033203125 58.863750457763671875 58.39884185791015625 59.26952362060546875 58.183502197265625 54.57132720947265625 51.9965362548828125 57.487064361572265625 68.89447784423828125 79.7140960693359375 88.5801849365234375 94.2228851318359375 94.90644073486328125 93.4798431396484375 93.57799530029296875 94.6218719482421875 96.449005126953125 99.282958984375 99.76869964599609375 98.43854522705078125 102.5075225830078125 111.949127197265625 124.13687896728515625 141.6579437255859375 164.2880401611328125 188.21685791015625 214.1763153076171875 243.39617919921875 274.370574951171875 304.3194580078125 330.428680419921875 353.32366943359375 373.5401611328125 389.35943603515625 396.64013671875 392.40240478515625 380.941497802734375 370.964996337890625 368.4521484375 357.84820556640625 332.79400634765625 309.62908935546875 292.429534912109375 275.318695068359375 249.1365966796875 211.5721893310546875 170.252655029296875 143.33184814453125 139.72259521484375 144.524658203125 0 0 0 0 0 0
57.5448150634765625 59.95999908447265625 58.150852203369140625 56.265018463134765625 56.530735015869140625 57.755008697509765625 56.06781768798828125 53.1629180908203125 58.92275238037109375 70.19292449951171875 78.8445587158203125 85.680511474609375 90.53759765625 91.387603759765625 90.56603240966796875 90.19406890869140625 89.54046630859375 89.10471343994140625 89.5018768310546875 88.406951904296875 86.68841552734375 90.20855712890625 98.726318359375 110.24364471435546875 126.24178314208984375 146.1725921630859375 168.0900115966796875 193.225616455078125 222.2631683349609375 253.7195587158203125 286.673309326171875 320.07733154296875 351.716796875 376.9205322265625 390.542449951171875 395.51904296875 394.85406494140625 388.6728515625 382.159912109375 380.306640625 372.148773193359375 353.369049072265625 333.465728759765625 315.26287841796875 296.3328857421875 270.45849609375 234.1471405029296875 189.716796875 150.8629150390625 129.304840087890625 126.92975616455078125 134.2600250244140625 0 0 0 0 0
56.893009185791015625 57.8176116943359375 54.77208709716796875 50.62155914306640625 48.6869659423828125 50.9089508056640625 55.054065704345703125 58.985530853271484375 63.4640350341796875 69.256805419921875 75.20717620849609375 80.0955810546875 82.53275299072265625 81.47002410888671875 80.58083343505859375 81.56523895263671875 81.33815765380859375 79.69110870361328125 78.008636474609375 77.2325439453125 77.76349639892578125 80.05401611328125 84.81031036376953125 93.16477203369140625 107.47997283935546875 126.19528961181640625 146.3870697021484375 169.71966552734375 197.36627197265625 228.5401153564453125 262.44512939453125 297.759735107421875 331.49371337890625 358.551971435546875 374.04486083984375 382.96527099609375 389.297698974609375 391.248321533203125 389.9686279296875 387.024566650390625 379.047821044921875 365.22747802734375 348.84954833984375 330.737152099609375 311.40576171875 291.45184326171875 264.075958251953125 225.2121124267578125 188.766387939453125 159.75128173828125 132.074493408203125 117.78136444091796875 123.4475860595703125 131.7465972900390625 0 0 0
52.49318695068359375 52.42972564697265625 49.11505126953125 45.766510009765625 45.2873077392578125 49.633213043212890625 58.32476043701171875 67.33722686767578125 70.92055511474609375 72.06038665771484375 74.42205047607421875 76.57001495361328125 76.8214111328125 74.66583251953125 72.3619384765625 70.7630462646484375 68.19538116455078125 65.5975494384765625 64.48203277587890625 64.8058929443359375 65.429840087890625 65.34222412109375 67.3883209228515625 74.2478485107421875 86.84590911865234375 103.7983245849609375 122.8710174560546875 144.3017425537109375 169.3509979248046875 198.9450836181640625 232.3924560546875 267.5531005859375 300.78216552734375 329.189697265625 351.228302001953125 369.1214599609375 383.97650146484375 393.953338623046875 397.6556396484375 395.277679443359375 388.263275146484375 377.2928466796875 362.49066162109375 343.628173828125 325.483367919921875 316.753570556640625 301.056732177734375 262.12322998046875 218.60382080078125 181.88568115234375 150.342132568359375 129.8841552734375 124.87258148193359375 126.6228485107421875 0 0 0
58.5731048583984375 58.083766937255859375 52.296466827392578125 47.099895477294921875 47.37859344482421875 54.124576568603515625 62.336399078369140625 68.65627288818359375 71.21981048583984375 70.65070343017578125 68.9905853271484375 68.43209075927734375 68.77735137939453125 68.83821868896484375 68.1880950927734375 66.7014007568359375 64.30725860595703125 62.143291473388671875 61.220058441162109375 61.36472320556640625 61.60849761962890625 61.2896728515625 62.396205902099609375 66.38800048828125 73.72686004638671875 87.302642822265625 107.23316192626953125 127.3159332275390625 147.1967315673828125 170.8135223388671875 200.16094970703125 234.0576629638671875 268.29443359375 300.4969482421875 329.644378662109375 355.479400634765625 378.464569091796875 398.1622314453125 408.523468017578125 407.09527587890625 399.480255126953125 389.19317626953125 376.582733154296875 357.837127685546875 337.244873046875 325.424163818359375 309.988739013671875 277.545379638671875 236.755828857421875 199.1943817138671875 172.0398712158203125 150.9561920166015625 136.616424560546875 137.396026611328125 147.868896484375 0 0
63.47431182861328125 64.0585479736328125 57.815822601318359375 49.948879241943359375 48.23492431640625 54.62982940673828125 60.364643096923828125 62.3748626708984375 61.8216400146484375 59.4042510986328125 56.52616119384765625 55.383869171142578125 56.098186492919921875 57.910625457763671875 59.92523193359375 60.334735870361328125 58.3630523681640625 56.917633056640625 57.298671722412109375 58.310832977294921875 58.814098358154296875 58.391574859619140625 58.9339447021484375 61.333263397216796875 65.676971435546875 75.5440826416015625 92.20597076416015625 110.1342926025390625 126.7087249755859375 143.8372650146484375 167.3253173828125 198.768096923828125 234.3357696533203125 270.176971435546875 303.520782470703125 333.1923828125 360.19757080078125 385.040771484375 399.950347900390625 401.75152587890625 397.289459228515625 392.14190673828125 386.434906005859375 370.964813232421875 349.3653564453125 334.375244140625 318.620880126953125 293.612579345703125 261.412139892578125 228.8731689453125 202.5949859619140625 178.6733245849609375 158.85687255859375 152.559906005859375 153.52252197265625 0 0
60.2978363037109375 60.891986846923828125 57.723026275634765625 54.082248687744140625 52.2067718505859375 53.3659515380859375 55.236972808837890625 56.125034332275390625 55.5699310302734375 53.787960052490234375 51.916423797607421875 51.358524322509765625 51.842041015625 54.21673583984375 61.07662200927734375 66.21305084228515625 63.295452117919921875 61.39986419677734375 63.245452880859375 63.0450439453125 61.980854034423828125 61.727752685546875 60.735492706298828125 60.073238372802734375 61.95355987548828125 67.20540618896484375 76.83960723876953125 91.27375030517578125 107.3290557861328125 122.8387603759765625 142.55474853515625 169.15765380859375 201.425506591796875 236.1627960205078125 270.181610107421875 301.815582275390625 330.7110595703125 356.809783935546875 377.17950439453125 389.29864501953125 393.591644287109375 395.161102294921875 396.067352294921875 388.209747314453125 374.12432861328125 362.6202392578125 346.644744873046875 322.708404541015625 297.013641357421875 270.18731689453125 241.759002685546875 213.291229248046875 187.40594482421875 168.0967254638671875 156.615386962890625 150.9402618408203125 147.10321044921875
56.8762054443359375 55.897991180419921875 55.829784393310546875 60.958538055419921875 62.10768890380859375 57.3548431396484375 54.0588836669921875 54.49797821044921875 57.60675048828125 60.580730438232421875 63.08148193359375 66.08745574951171875 68.23358154296875 69.1382598876953125 70.3387298583984375 68.94362640380859375 62.98155975341796875 61.1518402099609375 63.567798614501953125 62.540927886962890625 61.0222015380859375 61.4586334228515625 59.981609344482421875 58.384601593017578125 60.21651458740234375 63.0424957275390625 66.92919921875 75.1611175537109375 88.24506378173828125 104.97153472900390625 124.3652496337890625 146.1693115234375 170.6558990478515625 198.71246337890625 230.32769775390625 264.133819580078125 296.64508056640625 325.267852783203125 351.003631591796875 373.127227783203125 389.13671875 396.289703369140625 395.75299072265625 392.551544189453125 387.497283935546875 379.70770263671875 365.73663330078125 345.78472900390625 325.1435546875 303.080291748046875 277.204254150390625 248.47760009765625 218.9657135009765625 191.015167236328125 168.35198974609375 153.5709991455078125 145.37158203125
51.562580108642578125 50.02068328857421875 51.507297515869140625 58.446331024169921875 61.9915313720703125 59.127765655517578125 54.74652099609375 52.669857025146484375 54.138164520263671875 57.189716339111328125 61.022369384765625 65.60190582275390625 69.65033721923828125 71.33864593505859375 69.16527557373046875 63.547649383544921875 56.970306396484375 54.856441497802734375 56.374603271484375 56.5078582763671875 55.66042327880859375 54.90045166015625 53.494029998779296875 54.0094146728515625 58.17523956298828125 60.86566925048828125 61.633785247802734375 64.23046112060546875 69.6071014404296875 79.39472198486328125 95.34526824951171875 115.52447509765625 137.6260223388671875 162.413421630859375 191.296905517578125 224.470489501953125 257.506072998046875 287.530914306640625 317.462615966796875 345.430877685546875 366.6011962890625 378.653839111328125 383.52508544921875 388.1021728515625 390.553497314453125 386.399993896484375 375.72064208984375 360.240875244140625 342.31195068359375 322.93475341796875 302.08697509765625 278.596435546875 251.8928070068359375 222.395416259765625 190.044219970703125 161.25506591796875 146.8001861572265625
46.84600830078125 47.593883514404296875 50.541744232177734375 52.560314178466796875 53.837375640869140625 53.95253753662109375 52.717494964599609375 51.44757080078125 51.58769989013671875 53.51985931396484375 55.974651336669921875 58.085391998291015625 60.73050689697265625 62.670360565185546875 61.45317840576171875 57.183807373046875 52.122104644775390625 50.330150604248046875 52.88353729248046875 57.43604278564453125 58.543773651123046875 55.830364227294921875 53.526210784912109375 54.10930633544921875 57.352325439453125 58.93264007568359375 60.649078369140625 66.03467559814453125 67.55303955078125 65.66469573974609375 72.24091339111328125 87.51300048828125 106.62422943115234375 126.962921142578125 150.7424468994140625 182.0029144287109375 216.44403076171875 249.6889801025390625 281.648956298828125 310.307037353515625 333.03851318359375 351.393798828125 367.1123046875 381.034576416015625 389.50152587890625 389.71728515625 383.863983154296875 373.802398681640625 360.7255859375 344.20294189453125 325.18914794921875 305.82049560546875 282.127960205078125 250.132568359375 212.3359832763671875 178.129791259765625 159.6757354736328125
46.3106231689453125 49.30744171142578125 52.667072296142578125 54.15619659423828125 54.48012542724609375 55.196483612060546875 56.950836181640625 58.0390472412109375 58.578125 60.173038482666015625 60.6108856201171875 59.38824462890625 61.199451446533203125 64.16709136962890625 63.443206787109375 59.48621368408203125 54.88973236083984375 53.4320831298828125 56.578273773193359375 62.48139190673828125 63.868808746337890625 60.079463958740234375 56.48687744140625 54.857486724853515625 54.85634613037109375 54.65540313720703125 55.83705902099609375 60.05168914794921875 61.163394927978515625 58.54140472412109375 59.386745452880859375 66.4967041015625 79.85378265380859375 98.38756561279296875 121.4329986572265625 149.618499755859375 182.839752197265625 217.79168701171875 249.303863525390625 276.885162353515625 301.88458251953125 326.063812255859375 349.033905029296875 368.63934326171875 382.675445556640625 389.7308349609375 391.043731689453125 388.091339111328125 381.472686767578125 370.655975341796875 355.551666259765625 336.806640625 311.959869384765625 280.75335693359375 249.4413604736328125 223.809600830078125 207.1707916259765625
